100
99861 80
99988 74
99913 1
99888 3
99923 3
99810 3
99813 3
99969 5
99954 3
99871 1
99811 1
100000 1
99903 1
99846 2
99914 1
99983 5
99982 1
99938 32
99841 3
75094 22
35464 3
99970 2
89868 5
99873 5
87397 1
99899 5
99966 5
99848 2
99999 1
16817 1
99911 44
28451 1
99893 1
100000 1
99853 1
99977 1
2588 5
99806 1
99967 1
99870 3
99960 1
26005 1
99959 1
99869 1
99978 1
99916 1
48806 3
99902 1
99824 1
99905 5
99944 1
99858 24
99828 1
100000 100
99973 5
99895 1
61137 2
99892 45
99997 1
99987 1
44631 1
99890 1
99964 1
99817 1
99935 51
99929 1
61790 1
99972 50
99981 1
99825 55
10 2
99894 83
99915 2
99845 1
99953 1
99831 1
99992 2
99857 52
99974 1
99814 1
7 1
1 1
99991 1
76846 2
28668 1
99839 5
99855 1
41966 1
99962 2
99822 1
99832 56
99976 2
99990 1
99922 1
99838 100
99872 91
99933 2
99867 1
99847 3
84987 1
