100
2000 100
1972 5
1888 1
1978 1
1 1
1916 50
1052 1
1751 3
10 2
1870 2
1977 2
1885 1
1274 1
1968 1
1801 3
1980 1
1895 2
1912 1
1752 5
1816 88
1925 1
1826 3
1963 5
1951 1
1116 5
1825 1
1828 1
1843 5
1883 1
1808 1
1878 2
1890 16
1839 62
1802 1
1222 1
1868 1
1929 2
770 1
1928 3
1840 3
1314 1
1817 3
1815 5
1962 1
1947 1
1832 1
1915 1
396 5
1436 5
1833 69
1673 1
1941 1
1939 52
1956 1
98 64
1177 2
1948 1
764 2
1821 12
1224 1
1876 1
1846 3
2000 1
1030 1
1804 2
1806 72
1854 1
1967 1
1822 2
1985 3
1970 1
1891 1
1943 1
1921 1
1903 1
1975 51
1662 1
1200 74
1858 1
1857 82
1166 78
398 5
1945 1
1865 46
1913 1
1860 1
1887 2
1618 50
1911 1
1934 1
1965 3
1807 1
7 1
1834 1
1904 1
1936 1
1989 1
1810 5
1851 3
1935 1
