100
1432 1234
1513 72
1673 702
411 162
1581 1452
1933 595
1132 1068
1069 521
1180 28
1995 261
1854 1013
1473 102
128 72
369 354
787 42
2000 1
1781 547
311 168
1838 1751
1055 909
457 268
494 71
1175 577
665 330
1592 613
1867 342
1180 533
1858 1383
1443 673
1637 254
2 1
1463 329
1237 187
2000 0
1626 1172
1806 1056
1812 1673
1762 1263
1053 231
1904 589
1815 1668
432 17
1916 1871
1280 879
1803 683
1554 776
2000 1999
1804 931
1655 1076
1445 718
935 123
1826 1161
1428 629
1965 1269
1064 657
824 448
1652 969
533 287
1334 1108
895 680
1648 145
1667 537
1753 1593
630 242
1537 482
1270 1201
1824 1319
1381 637
1055 254
1 0
1549 1539
889 599
869 198
551 272
1189 89
1255 1134
555 149
1797 438
889 68
1298 444
1920 1205
1890 293
1240 478
1097 544
726 276
563 507
1918 1519
1465 805
1588 21
560 32
1616 1463
1736 1367
878 769
1490 681
647 21
964 828
1784 652
691 111
154 125
709 546
