100
157875708906756961
677635354159727004
10681770438681225
34890388359070120
4902738056233837
403104114631849800
608276961584737900
288387285862645684
815508327761268388
4423884679563931
220135880114966956
19358444277037101
2442392986227757
803365079885167381
14660251204099591
319382781080161051
582422055922689655
41691358840359781
842343099884068959
48017917733768140
129368593464253417
41321427130002351
565934061045377991
147389519791195397
117900706309421769
101662445178358093
58001749409835547
642095042174057302
554976386089553757
108465497903751031
942819757552650783
1696456308194116
484275817038626467
330248881330774658
595497878899993191
571706882532279705
759011601928397900
169832864629395241
863276353412807415
448142043355276
208919839341140824
278819382249857340
586681097548574343
68042262108233600
793211361888203807
207306861016681441
414373963642182265
181318933164451980
225392749063902456
519929111116169701
5104025052262176
278247903204191656
175882694926765
731681879023383118
25680266158284193
54760887084011200
141805041247176035
34196936803930131
171206785681656271
796714857459975196
643519959725750311
962611665746460730
369715421183947924
912407386737632943
931068126195941293
734464504706761868
556018082568106201
180098254711056325
699283287721727374
898957161706539469
27596706436056661
758316831939930159
107547880966069181
514545433675969921
411778200318664225
120878806409414593
1000000000000000000
302157938385625141
566073271081749691
750309563924587506
5742091658430793
11510042459351101
79415082953091943
848993654264093885
247698393433857724
200854614509861736
3473885370230731
10937576319968577
411071182135704961
348594584611291636
108626467906139080
221835536860395256
283704899124643726
823570964838429193
82432901943348664
181343874750214077
968828106241961161
936735753102540931
678916868822499612
39015016925051443
