100
9 96 7058
203 536 6
919 1653 5
117 950 1
696 1544 3
367 638 9
939 1164 5
172 703 1
789 1026 2
31 805 2
6 83 8591
757 2171 17
1483 3103 1
1092 1382 6
2470 3702 3
2035 3706 15
274 2523 12
10 83 9098
257 587 6
863 868 5
717 1480 6
337 1108 2
654 1153 2
356 1194 3
381 431 5
250 1135 3
178 879 6
699 1277 3
7 89 6772
801 1440 8
941 1822 8
776 1412 8
680 707 4
496 582 7
5 804 4
127 128 3
1 10 10
6 54 4
10 96 7820
225 269 4
230 616 1
692 1657 4
723 1143 3
109 632 3
834 1348 3
383 716 3
31 787 5
972 1348 8
254 446 5
8 94 9203
552 1276 4
566 1056 5
711 1285 1
404 1188 9
411 1175 7
564 1190 9
590 1182 5
977 1822 8
10 85 9057
710 1241 2
328 411 4
707 840 6
318 1235 6
443 955 7
88 625 1
579 1459 8
744 1709 6
317 1156 3
509 535 4
8 92 8045
138 482 8
190 501 6
364 1261 9
680 1274 2
966 1709 2
219 925 3
796 1163 2
232 798 5
10 99 7560
103 713 7
696 891 7
159 708 5
308 559 5
854 1568 6
389 395 1
99 293 1
970 1851 1
725 749 6
296 1221 7
9 89 6918
106 829 1
199 724 6
12 87 1
706 923 7
645 1244 2
634 1344 6
326 842 8
77 267 7
596 1231 3
10 84 8220
775 1701 8
833 1353 3
50 857 4
100 119 7
16 548 4
424 667 8
955 1802 4
954 959 2
707 944 1
186 912 3
10 85 7010
588 1562 1
184 1040 5
851 985 7
877 1406 7
624 648 4
793 907 4
911 1185 6
771 1280 7
818 1081 5
57 768 3
10 87 7508
773 893 4
392 532 1
535 1203 8
685 794 4
490 1444 1
750 1470 8
790 1702 6
409 981 1
874 1441 6
286 378 8
9 84 8889
332 353 7
819 1265 7
446 980 6
93 1062 4
849 1589 6
263 1093 1
46 724 2
446 1387 8
417 1411 6
10 99 7599
159 395 6
34 425 7
935 1033 8
298 864 7
773 935 1
37 616 8
921 1789 3
486 798 5
345 564 7
455 1115 3
8 83 8630
845 945 6
288 580 4
126 1114 6
533 1298 5
311 1253 1
991 1951 6
579 1347 7
104 313 8
1 92 7373
569 1029 15
10 97 7119
355 1300 1
232 932 4
28 777 5
50 703 8
838 1191 8
184 437 8
56 742 2
544 853 5
575 1258 1
74 500 9
10 83 9357
250 695 4
576 1481 6
487 1064 8
443 1089 3
498 1262 3
459 863 1
829 947 7
649 972 1
899 1319 1
530 1328 4
7 84 6677
446 555 4
9 22 3
632 1620 2
945 1511 8
971 1721 3
571 1176 2
192 756 7
1 89 7261
655 1945 11
10 82 8777
332 1288 4
460 877 2
98 813 6
585 1370 2
634 931 4
404 1127 6
721 751 4
328 539 5
464 807 6
423 704 8
10 87 8697
404 1194 8
441 872 2
499 877 4
658 1326 1
73 538 6
220 926 4
632 1494 6
109 769 5
714 1458 4
395 932 3
4 100 9623
74 681 6
89 582 8
436 614 6
420 439 7
10 88 7392
694 1650 5
129 318 4
883 1551 4
623 1584 1
875 1730 3
952 1810 8
505 1361 5
131 888 5
649 788 4
449 1261 2
3 95 7713
78 3937 36
2574 10000 57
576 6199 58
10 95 7280
988 1512 9
154 599 2
585 971 9
109 1062 5
814 1417 7
402 1004 1
568 1523 3
502 642 3
596 834 4
517 841 2
9 87 7949
855 1245 1
757 1233 7
736 830 3
303 870 4
875 1012 1
702 980 1
307 769 7
572 691 4
676 1108 1
9 94 7093
216 962 8
1058 2009 2
640 1375 4
799 1100 9
666 905 9
459 725 3
797 1098 2
871 1076 8
436 985 1
7 88 7007
710 889 8
481 673 8
878 1154 7
855 1772 8
173 1075 4
858 1221 7
902 1023 5
9 84 6668
383 428 1
858 1679 5
992 1904 3
890 1282 1
224 632 3
310 543 2
331 844 7
121 289 4
286 1132 7
8 81 8717
235 401 6
521 1910 6
115 1017 5
871 1011 1
16 549 6
1279 2408 7
133 165 1
1413 2805 10
3 96 9278
1180 2845 8
418 1937 15
1715 2297 9
3 97 9643
2666 10000 25
5336 8499 54
9940 10000 73
10 86 8944
615 1379 3
289 657 1
9 288 8
703 902 7
528 651 7
737 1390 7
798 1594 5
7 476 4
537 1335 1
236 340 3
10 100 10000
454 1018 7
309 529 7
549 759 20
262 408 6
457 469 14
334 725 12
7 31 7
524 920 12
134 147 14
540 572 20
10 91 9836
436 860 8
721 1594 6
154 611 8
813 1255 8
842 1039 3
318 1236 4
642 887 9
519 579 7
615 1097 6
194 717 3
10 88 8381
1002 1968 4
625 637 2
465 707 1
893 931 8
334 760 1
461 811 7
224 828 2
297 1128 1
466 1094 9
296 365 2
10 83 9275
907 1695 6
236 1148 5
8 957 7
145 1014 3
31 737 7
98 149 7
201 1058 2
673 1186 7
382 446 2
481 1123 6
10 97 6968
334 1075 1
868 1208 2
155 639 2
708 1010 2
469 1116 5
597 689 7
66 430 3
938 1687 9
444 625 1
556 1240 1
7 100 7770
326 898 7
777 1438 6
740 1538 3
481 1331 8
664 1279 5
826 1711 7
929 1357 9
1 10 10
14 54 8
10 86 7188
80 983 7
193 743 3
752 936 7
857 1073 5
970 1685 8
578 963 4
453 915 6
684 1683 5
439 1104 7
20 939 6
10 91 8074
365 697 8
673 673 7
146 596 7
190 854 2
700 1059 2
955 1117 8
676 1233 1
779 1454 7
9 891 8
398 1021 4
8 92 8396
820 1406 7
729 1588 3
864 1197 6
284 765 6
689 1466 5
501 886 6
160 601 3
132 664 8
9 99 9302
723 1005 4
642 1475 3
596 1097 1
291 1240 1
446 1412 1
241 554 6
805 1268 1
798 1613 1
733 1388 2
8 84 8975
138 185 24
2936 4881 24
1834 4329 22
1165 2095 1
277 816 22
3270 4901 4
1939 2009 13
823 1803 23
8 84 6722
553 1064 4
624 1390 8
579 1397 2
833 1808 3
503 1340 1
960 1503 5
619 942 7
610 1502 7
9 85 8835
209 801 1
918 1060 5
974 1127 2
516 1374 5
877 1731 7
27 514 6
498 662 4
816 1409 8
867 1407 6
9 85 9392
310 889 6
379 1161 1
919 1863 5
441 1099 6
739 799 5
222 855 2
47 789 1
498 806 5
974 1919 1
8 95 8621
317 1553 1
551 2208 25
1769 3765 15
1361 3082 3
1092 4166 18
191 468 13
910 2928 9
2551 5615 30
9 90 8082
847 1825 7
942 1104 6
437 494 8
401 826 3
170 559 9
751 904 4
498 701 1
791 1732 9
585 1190 4
7 90 6784
284 1200 9
351 586 2
417 1259 7
775 1040 5
844 1763 1
164 1107 7
616 713 6
8 100 6786
21 451 8
177 509 4
442 1079 9
846 1829 4
415 852 9
193 1148 8
308 385 8
996 1117 6
10 93 7824
263 1672 4
294 954 7
669 858 10
240 1433 9
397 1561 10
591 1806 15
1232 2236 13
669 811 9
72 779 9
1211 1420 3
8 84 6885
115 145 1
1000 1222 2
185 1100 3
821 865 4
349 565 8
621 992 2
978 1528 8
861 1417 2
10 81 7852
583 1486 4
693 1181 6
666 844 6
406 857 5
973 1585 1
73 958 6
444 999 8
369 1314 1
33 769 5
402 1209 6
10 99 9461
349 891 6
587 1233 4
455 1309 2
943 1766 4
482 1235 4
575 780 1
339 1228 5
154 833 1
39 89 5
548 1319 3
10 92 7859
431 627 9
377 690 9
76 870 6
415 1288 4
477 838 4
191 776 4
313 546 8
969 1708 9
485 954 3
767 1004 8
10 98 9218
625 1418 4
969 1891 4
673 707 9
186 1001 9
552 845 1
717 951 7
491 1110 4
656 1000 7
511 700 8
780 783 1
1 10 10
5 9 5
9 95 7028
235 1044 2
679 1354 3
523 617 4
963 1941 7
491 1075 4
353 1169 8
418 1277 7
545 950 5
347 480 9
8 86 8531
605 1521 1
263 355 8
654 1272 7
421 1005 1
549 1393 4
542 877 6
551 656 3
777 1705 1
9 82 7822
461 1031 4
52 1242 2
208 644 10
1185 2255 1
233 1226 1
782 1809 10
815 1531 4
829 1400 10
216 1395 4
9 83 6956
716 1693 3
14 586 7
243 1033 4
962 1004 6
968 1528 3
607 1314 3
72 209 7
655 828 6
25 135 1
10 95 7073
737 1625 6
107 193 5
275 501 9
946 1872 9
626 1596 2
208 667 2
833 1338 7
64 410 8
164 811 6
393 537 7
3 11 14
1 3 4
5 5 3
2 6 5
10 95 8955
908 920 8
656 1053 9
803 1797 6
198 684 3
143 610 5
30 818 6
112 433 4
455 950 2
675 1407 7
94 551 2
10 86 7257
12 671 6
1274 3254 5
1900 2266 21
211 851 2
2106 2877 10
966 3434 20
1518 3919 20
95 1321 14
1260 1440 20
191 537 3
8 96 9657
657 790 7
552 849 7
648 1041 8
423 931 4
899 1460 3
429 1412 6
817 1761 9
957 1943 7
8 97 7329
205 793 2
342 1029 9
737 1246 2
197 686 6
645 1432 9
218 336 8
308 1266 4
408 1003 5
9 86 7565
529 1216 3
825 1080 3
174 688 8
967 1226 8
261 687 1
140 200 1
771 929 2
472 1073 3
127 700 4
9 91 8593
818 1328 5
146 736 6
263 697 9
854 1576 6
748 1694 1
838 1130 3
678 1440 5
284 786 1
336 659 7
6 99 7935
1500 1681 29
1644 6203 27
3232 4709 45
3766 4036 20
2754 4762 13
1091 3320 42
10 91 8470
959 1257 5
322 1164 2
598 1126 4
145 321 8
987 1237 3
278 308 5
264 774 1
188 241 4
663 1275 8
974 1375 6
9 95 7037
1643 2439 2
282 2078 15
504 2089 13
1801 3553 17
1202 1920 4
1864 2818 10
756 889 5
1718 2268 14
79 695 1
7 92 7123
773 1286 8
722 776 6
84 688 8
957 1689 7
430 950 1
829 1335 3
615 1212 2
10 84 8604
802 1384 1
388 629 7
840 1488 6
694 1463 1
778 1014 5
173 750 1
156 474 1
827 1565 6
7 308 3
28 517 5
8 88 7764
690 1123 5
668 1390 3
18 932 5
167 1079 8
201 1113 1
205 299 5
300 1128 2
578 1461 5
2 93 8258
1105 2269 5
507 1004 11
10 84 7555
943 1647 4
425 811 5
6 277 6
147 663 2
467 1199 3
40 493 5
12 302 8
751 1235 4
939 1415 5
680 1105 8
8 96 7045
515 897 7
68 903 4
885 1447 2
607 812 2
881 1547 4
44 317 7
546 1235 7
729 935 7
10 87 9120
897 1775 7
833 1254 8
855 902 7
711 1488 2
768 1615 4
96 244 5
1 232 8
790 1187 7
815 1755 1
615 1200 2
10 92 9109
882 1379 9
853 1680 3
547 562 8
345 795 7
643 1222 6
175 922 8
781 905 7
16 463 3
710 1114 4
111 135 7
7 93 7265
493 1096 7
937 1726 6
224 681 3
995 1460 9
471 495 8
741 1308 5
470 890 2
8 92 8463
833 1505 8
636 901 9
985 1733 9
121 1117 3
747 1045 7
32 550 5
924 1221 3
784 1038 2
7 86 7187
89 630 8
975 1256 2
781 1154 3
891 1842 6
882 1873 3
480 1085 3
941 1319 5
3 98 8865
112 3589 6
3920 7370 7
947 4051 37
9 99 6669
75 733 9
227 454 9
164 857 4
247 328 3
34 168 1
930 1906 6
21 76 5
611 1548 2
925 1036 9
8 98 9514
968 1841 2
234 403 7
698 1651 1
798 1092 4
964 1326 1
310 1044 5
200 1056 1
366 1207 6
9 94 6832
835 1096 7
883 1021 9
375 780 8
972 1021 5
629 883 3
743 1732 1
679 911 7
883 1746 8
857 1619 7
10 87 7989
415 683 7
367 852 2
465 585 6
486 994 2
540 1343 6
114 676 4
981 1521 8
434 1148 1
859 1120 4
628 763 7
10 85 8168
946 1222 6
697 1430 1
514 995 5
592 1092 3
158 731 4
624 648 6
710 1346 2
880 1463 6
971 1642 3
523 1282 5
3 8 6
3 5 2
4 4 3
1 2 5
10 86 7608
549 642 2
498 532 4
18 488 6
908 1130 7
939 1331 8
825 1319 6
451 1442 7
698 831 3
233 302 8
752 876 5
9 92 9977
994 1300 4
586 897 7
691 1322 1
922 1365 7
162 671 7
922 1580 9
670 1270 1
391 587 8
791 1240 8
10 82 7816
539 1251 3
666 1654 7
506 631 7
282 447 1
246 904 7
832 1094 5
830 1165 4
81 554 8
926 1802 6
748 1323 1
10 92 7461
606 1075 2
183 534 5
458 933 1
96 114 1
723 1407 8
575 1266 1
901 1802 2
84 686 7
437 499 9
196 1087 9
10 82 7508
496 1296 7
922 1248 8
293 855 8
980 1789 2
793 1231 4
761 1587 2
633 1151 6
283 507 2
913 1269 2
585 1312 8
